TaxRate=0.086750
FreightTaxRate=0.050000
